1632
0 2 2 19
0 3 2 20
0 4 2 23
0 7 2 26
0 8 2 18
0 10 2 14
0 11 2 9
0 12 2 10
0 15 2 11
0 25 2 15
1 33 1 -1
2 2 2 19
2 3 2 20
2 4 2 23
2 7 2 26
2 8 2 18
2 10 2 14
2 11 2 9
2 12 2 10
2 15 2 11
2 25 2 15
2 33 3 2
3 14 2 29
3 15 2 30
3 19 2 32
3 20 2 33
3 21 2 34
3 22 2 35
3 23 2 36
3 24 2 37
3 32 2 28
4 31 2 39
4 32 2 38
5 32 2 40
6 32 2 41
7 2 3 7
7 3 3 7
7 4 3 7
7 7 3 7
7 8 3 7
7 10 3 7
7 11 3 7
7 12 3 7
7 15 3 7
7 25 3 7
7 33 3 7
8 2 3 8
8 3 3 8
8 4 3 8
8 7 3 8
8 8 3 8
8 10 3 8
8 11 3 8
8 12 3 8
8 15 3 8
8 25 3 8
8 33 3 8
9 14 3 20
9 15 3 20
9 16 3 20
9 17 3 20
9 18 3 20
9 19 3 20
9 20 3 20
9 21 3 20
9 22 3 20
9 23 3 20
9 24 3 20
9 32 3 20
10 14 3 22
10 15 3 22
10 16 3 22
10 17 3 22
10 18 3 22
10 19 3 22
10 20 3 22
10 21 3 22
10 22 3 22
10 23 3 22
10 24 3 22
10 32 3 22
11 11 2 42
11 12 2 43
12 14 3 11
12 15 3 11
12 16 2 44
12 17 2 45
12 18 2 46
12 19 3 11
12 20 3 11
12 21 3 11
12 22 3 11
12 23 3 11
12 24 3 11
12 32 3 11
13 14 3 15
13 15 3 15
13 16 3 15
13 17 3 15
13 18 3 15
13 19 3 15
13 20 3 15
13 21 3 15
13 22 3 15
13 23 3 15
13 24 3 15
13 32 3 15
14 13 2 47
14 14 3 17
14 15 3 17
14 16 3 17
14 17 3 17
14 18 3 17
14 19 3 17
14 20 3 17
14 21 3 17
14 22 3 17
14 23 3 17
14 24 3 17
14 32 3 17
15 10 2 54
15 11 2 48
15 12 2 49
15 15 2 50
15 25 2 55
16 14 3 18
16 15 3 18
16 16 3 18
16 17 3 18
16 18 3 18
16 19 3 18
16 20 3 18
16 21 3 18
16 22 3 18
16 23 3 18
16 24 3 18
16 32 3 18
17 10 2 57
18 25 2 58
19 10 3 27
20 10 3 28
21 2 2 19
21 3 2 20
21 4 2 23
21 7 2 26
21 8 2 18
21 10 2 14
21 11 2 9
21 12 2 10
21 15 2 11
21 25 2 15
21 29 2 69
22 2 2 19
22 3 2 20
22 4 2 23
22 7 2 26
22 8 2 18
22 10 2 14
22 11 2 9
22 12 2 10
22 15 2 11
22 25 2 15
22 29 2 72
23 25 2 74
24 2 2 19
24 3 2 20
24 4 2 23
24 7 2 26
24 8 2 18
24 10 2 14
24 11 2 9
24 12 2 10
24 15 2 11
24 25 2 15
24 29 2 72
25 25 2 76
26 25 3 37
27 33 3 1
28 2 3 3
28 3 3 3
28 4 3 3
28 7 3 3
28 8 3 3
28 10 3 3
28 11 3 3
28 12 3 3
28 15 3 3
28 25 3 3
28 33 3 3
29 10 2 78
29 11 2 9
29 12 2 10
29 15 2 11
29 25 2 15
30 10 2 78
30 11 2 9
30 12 2 10
30 15 2 11
30 25 2 15
31 10 2 78
31 11 2 9
31 12 2 10
31 15 2 11
31 25 2 15
32 10 3 39
32 11 3 39
32 12 3 39
32 15 3 39
32 25 3 39
33 10 3 40
33 11 3 40
33 12 3 40
33 15 3 40
33 25 3 40
34 10 3 43
34 11 3 43
34 12 3 43
34 15 3 43
34 25 3 43
35 10 3 44
35 11 3 44
35 12 3 44
35 15 3 44
35 25 3 44
36 10 3 41
36 11 3 41
36 12 3 41
36 15 3 41
36 25 3 41
37 10 3 42
37 11 3 42
37 12 3 42
37 15 3 42
37 25 3 42
38 2 3 4
38 3 3 4
38 4 3 4
38 7 3 4
38 8 3 4
38 10 3 4
38 11 3 4
38 12 3 4
38 15 3 4
38 25 3 4
38 33 3 4
39 10 2 81
40 2 3 5
40 3 3 5
40 4 3 5
40 7 3 5
40 8 3 5
40 10 3 5
40 11 3 5
40 12 3 5
40 15 3 5
40 25 3 5
40 33 3 5
41 2 3 6
41 3 3 6
41 4 3 6
41 7 3 6
41 8 3 6
41 10 3 6
41 11 3 6
41 12 3 6
41 15 3 6
41 25 3 6
41 33 3 6
42 14 3 19
42 15 3 19
42 16 3 19
42 17 3 19
42 18 3 19
42 19 3 19
42 20 3 19
42 21 3 19
42 22 3 19
42 23 3 19
42 24 3 19
42 32 3 19
43 14 3 21
43 15 3 21
43 16 3 21
43 17 3 21
43 18 3 21
43 19 3 21
43 20 3 21
43 21 3 21
43 22 3 21
43 23 3 21
43 24 3 21
43 32 3 21
44 10 2 78
44 11 2 9
44 12 2 10
44 15 2 11
44 25 2 15
45 10 2 78
45 11 2 9
45 12 2 10
45 15 2 11
45 25 2 15
46 10 2 78
46 11 2 9
46 12 2 10
46 15 2 11
46 25 2 15
47 10 2 78
47 11 2 9
47 12 2 10
47 15 2 11
47 25 2 15
48 14 3 20
48 15 3 20
48 16 3 20
48 17 3 20
48 18 3 20
48 19 3 20
48 20 3 20
48 21 3 20
48 22 3 20
48 23 3 20
48 24 3 20
48 26 3 20
49 14 3 22
49 15 3 22
49 16 3 22
49 17 3 22
49 18 3 22
49 19 3 22
49 20 3 22
49 21 3 22
49 22 3 22
49 23 3 22
49 24 3 22
49 26 3 22
50 11 2 86
50 12 2 87
51 14 2 88
51 15 2 89
51 19 2 32
51 20 2 33
51 21 2 34
51 22 2 35
51 23 2 36
51 24 2 37
51 26 2 91
52 14 3 11
52 15 3 11
52 16 2 92
52 17 2 93
52 18 2 94
52 19 3 11
52 20 3 11
52 21 3 11
52 22 3 11
52 23 3 11
52 24 3 11
52 26 3 11
53 14 3 15
53 15 3 15
53 16 3 15
53 17 3 15
53 18 3 15
53 19 3 15
53 20 3 15
53 21 3 15
53 22 3 15
53 23 3 15
53 24 3 15
53 26 3 15
54 14 3 17
54 15 3 17
54 16 3 17
54 17 3 17
54 18 3 17
54 19 3 17
54 20 3 17
54 21 3 17
54 22 3 17
54 23 3 17
54 24 3 17
54 26 3 17
55 10 2 54
55 11 2 48
55 12 2 49
55 15 2 50
55 25 2 55
56 14 3 18
56 15 3 18
56 16 3 18
56 17 3 18
56 18 3 18
56 19 3 18
56 20 3 18
56 21 3 18
56 22 3 18
56 23 3 18
56 24 3 18
56 26 3 18
57 13 2 96
57 31 3 23
57 32 3 23
58 10 2 54
58 11 2 48
58 12 2 49
58 15 2 50
58 25 2 55
59 14 2 29
59 15 2 30
59 19 2 32
59 20 2 33
59 21 2 34
59 22 2 35
59 23 2 36
59 24 2 37
59 32 2 98
60 31 2 39
60 32 2 99
61 32 2 100
62 32 2 101
63 2 3 7
63 3 3 7
63 4 3 7
63 5 3 7
63 7 3 7
63 8 3 7
63 10 3 7
63 11 3 7
63 12 3 7
63 15 3 7
63 25 3 7
63 33 3 7
64 2 3 8
64 3 3 8
64 4 3 8
64 5 3 8
64 7 3 8
64 8 3 8
64 10 3 8
64 11 3 8
64 12 3 8
64 15 3 8
64 25 3 8
64 33 3 8
65 2 3 31
65 3 3 31
65 4 3 31
65 5 2 102
65 7 3 31
65 8 3 31
65 10 3 31
65 11 3 31
65 12 3 31
65 15 3 31
65 25 3 31
65 33 3 31
66 2 2 19
66 3 2 20
66 4 2 23
66 7 2 26
66 8 2 18
66 10 2 14
66 11 2 9
66 12 2 10
66 15 2 11
66 25 2 15
66 29 2 69
67 2 2 19
67 3 2 20
67 4 2 23
67 7 2 26
67 8 2 18
67 10 2 14
67 11 2 9
67 12 2 10
67 15 2 11
67 25 2 15
67 29 2 69
68 2 2 19
68 3 2 20
68 4 2 23
68 7 2 26
68 8 2 18
68 10 2 14
68 11 2 9
68 12 2 10
68 15 2 11
68 25 2 15
68 29 2 69
69 2 2 19
69 3 2 20
69 4 2 23
69 7 2 26
69 8 2 18
69 10 2 14
69 11 2 9
69 12 2 10
69 15 2 11
69 25 2 15
70 2 3 45
70 3 3 45
70 4 3 45
70 5 3 45
70 7 3 45
70 8 3 45
70 10 3 45
70 11 3 45
70 12 3 45
70 15 3 45
70 25 3 45
70 33 3 45
71 2 3 32
71 3 3 32
71 4 3 32
71 7 3 32
71 8 3 32
71 10 3 32
71 11 3 32
71 12 3 32
71 15 3 32
71 25 3 32
71 33 3 32
72 2 2 19
72 3 2 20
72 4 2 23
72 7 2 26
72 8 2 18
72 10 2 14
72 11 2 9
72 12 2 10
72 15 2 11
72 25 2 15
73 2 3 45
73 3 3 45
73 4 3 45
73 7 3 45
73 8 3 45
73 10 3 45
73 11 3 45
73 12 3 45
73 15 3 45
73 25 3 45
73 33 3 45
74 10 2 54
74 11 2 48
74 12 2 49
74 15 2 50
74 25 2 55
75 2 3 35
75 3 3 35
75 4 3 35
75 7 3 35
75 8 3 35
75 10 3 35
75 11 3 35
75 12 3 35
75 15 3 35
75 25 3 35
75 33 3 35
76 10 2 54
76 11 2 48
76 12 2 49
76 15 2 50
76 25 2 55
77 14 3 9
77 15 3 9
77 16 2 44
77 17 2 45
77 18 2 46
77 19 3 9
77 20 3 9
77 21 3 9
77 22 3 9
77 23 3 9
77 24 3 9
77 32 3 9
78 14 3 17
78 15 3 17
78 16 3 17
78 17 3 17
78 18 3 17
78 19 3 17
78 20 3 17
78 21 3 17
78 22 3 17
78 23 3 17
78 24 3 17
78 32 3 17
79 14 3 10
79 15 3 10
79 16 2 44
79 17 2 45
79 18 2 46
79 19 3 10
79 20 3 10
79 21 3 10
79 22 3 10
79 23 3 10
79 24 3 10
79 32 3 10
80 14 2 29
80 15 2 30
80 19 2 32
80 20 2 33
80 21 2 34
80 22 2 35
80 23 2 36
80 24 2 37
80 32 3 38
81 13 2 120
81 31 3 25
81 32 3 25
82 14 3 12
82 15 3 12
82 16 3 12
82 17 3 12
82 18 3 12
82 19 3 12
82 20 3 12
82 21 3 12
82 22 3 12
82 23 3 12
82 24 3 12
82 32 3 12
83 14 3 13
83 15 3 13
83 16 3 13
83 17 3 13
83 18 3 13
83 19 3 13
83 20 3 13
83 21 3 13
83 22 3 13
83 23 3 13
83 24 3 13
83 32 3 13
84 14 3 14
84 15 3 14
84 16 3 14
84 17 3 14
84 18 3 14
84 19 3 14
84 20 3 14
84 21 3 14
84 22 3 14
84 23 3 14
84 24 3 14
84 32 3 14
85 14 2 29
85 15 2 30
85 19 2 32
85 20 2 33
85 21 2 34
85 22 2 35
85 23 2 36
85 24 2 37
85 32 3 29
86 14 3 19
86 15 3 19
86 16 3 19
86 17 3 19
86 18 3 19
86 19 3 19
86 20 3 19
86 21 3 19
86 22 3 19
86 23 3 19
86 24 3 19
86 26 3 19
87 14 3 21
87 15 3 21
87 16 3 21
87 17 3 21
87 18 3 21
87 19 3 21
87 20 3 21
87 21 3 21
87 22 3 21
87 23 3 21
87 24 3 21
87 26 3 21
88 10 2 54
88 11 2 48
88 12 2 49
88 15 2 50
88 25 2 55
89 10 2 54
89 11 2 48
89 12 2 49
89 15 2 50
89 25 2 55
90 10 2 54
90 11 2 48
90 12 2 49
90 15 2 50
90 25 2 55
91 14 3 16
91 15 3 16
91 16 3 16
91 17 3 16
91 18 3 16
91 19 3 16
91 20 3 16
91 21 3 16
91 22 3 16
91 23 3 16
91 24 3 16
91 32 3 16
92 10 2 54
92 11 2 48
92 12 2 49
92 15 2 50
92 25 2 55
93 10 2 54
93 11 2 48
93 12 2 49
93 15 2 50
93 25 2 55
94 10 2 54
94 11 2 48
94 12 2 49
94 15 2 50
94 25 2 55
95 14 2 88
95 15 2 89
95 19 2 32
95 20 2 33
95 21 2 34
95 22 2 35
95 23 2 36
95 24 2 37
95 26 2 127
96 10 2 134
96 11 2 128
96 12 2 129
96 15 2 130
96 25 2 135
97 14 2 88
97 15 2 89
97 19 2 32
97 20 2 33
97 21 2 34
97 22 2 35
97 23 2 36
97 24 2 37
97 26 2 137
98 2 3 3
98 3 3 3
98 4 3 3
98 5 3 3
98 7 3 3
98 8 3 3
98 10 3 3
98 11 3 3
98 12 3 3
98 15 3 3
98 25 3 3
98 33 3 3
99 2 3 4
99 3 3 4
99 4 3 4
99 5 3 4
99 7 3 4
99 8 3 4
99 10 3 4
99 11 3 4
99 12 3 4
99 15 3 4
99 25 3 4
99 33 3 4
100 2 3 5
100 3 3 5
100 4 3 5
100 5 3 5
100 7 3 5
100 8 3 5
100 10 3 5
100 11 3 5
100 12 3 5
100 15 3 5
100 25 3 5
100 33 3 5
101 2 3 6
101 3 3 6
101 4 3 6
101 5 3 6
101 7 3 6
101 8 3 6
101 10 3 6
101 11 3 6
101 12 3 6
101 15 3 6
101 25 3 6
101 33 3 6
102 2 3 34
102 3 3 34
102 4 3 34
102 7 3 34
102 8 3 34
102 10 3 34
102 11 3 34
102 12 3 34
102 15 3 34
102 25 3 34
102 29 3 34
103 2 3 31
103 3 3 31
103 4 3 31
103 5 2 102
103 7 3 31
103 8 3 31
103 10 3 31
103 11 3 31
103 12 3 31
103 15 3 31
103 25 3 31
103 33 3 31
104 2 3 32
104 3 3 32
104 4 3 32
104 5 3 32
104 7 3 32
104 8 3 32
104 10 3 32
104 11 3 32
104 12 3 32
104 15 3 32
104 25 3 32
104 33 3 32
105 2 3 35
105 3 3 35
105 4 3 35
105 5 3 35
105 7 3 35
105 8 3 35
105 10 3 35
105 11 3 35
105 12 3 35
105 15 3 35
105 25 3 35
105 33 3 35
106 2 2 19
106 3 2 20
106 4 2 23
106 7 2 26
106 8 2 18
106 10 2 14
106 11 2 9
106 12 2 10
106 15 2 11
106 25 2 15
106 30 3 2
107 14 2 29
107 15 2 30
107 19 2 32
107 20 2 33
107 21 2 34
107 22 2 35
107 23 2 36
107 24 2 37
107 32 2 139
108 31 2 39
108 32 2 140
109 32 2 141
110 32 2 142
111 2 3 7
111 3 3 7
111 4 3 7
111 7 3 7
111 8 3 7
111 10 3 7
111 11 3 7
111 12 3 7
111 15 3 7
111 25 3 7
111 30 3 7
112 2 3 8
112 3 3 8
112 4 3 8
112 7 3 8
112 8 3 8
112 10 3 8
112 11 3 8
112 12 3 8
112 15 3 8
112 25 3 8
112 30 3 8
113 2 2 19
113 3 2 20
113 4 2 23
113 7 2 26
113 8 2 18
113 10 2 14
113 11 2 9
113 12 2 10
113 15 2 11
113 25 2 15
113 29 2 153
114 2 2 19
114 3 2 20
114 4 2 23
114 7 2 26
114 8 2 18
114 10 2 14
114 11 2 9
114 12 2 10
114 15 2 11
114 25 2 15
114 29 2 156
115 2 2 19
115 3 2 20
115 4 2 23
115 7 2 26
115 8 2 18
115 10 2 14
115 11 2 9
115 12 2 10
115 15 2 11
115 25 2 15
115 29 2 156
116 30 2 159
117 30 2 160
118 14 2 88
118 15 2 89
118 19 2 32
118 20 2 33
118 21 2 34
118 22 2 35
118 23 2 36
118 24 2 37
118 26 2 161
119 14 2 88
119 15 2 89
119 19 2 32
119 20 2 33
119 21 2 34
119 22 2 35
119 23 2 36
119 24 2 37
119 26 2 162
120 10 2 134
120 11 2 128
120 12 2 129
120 15 2 130
120 25 2 135
121 14 3 9
121 15 3 9
121 16 2 92
121 17 2 93
121 18 2 94
121 19 3 9
121 20 3 9
121 21 3 9
121 22 3 9
121 23 3 9
121 24 3 9
121 26 3 9
122 14 3 10
122 15 3 10
122 16 2 92
122 17 2 93
122 18 2 94
122 19 3 10
122 20 3 10
122 21 3 10
122 22 3 10
122 23 3 10
122 24 3 10
122 26 3 10
123 14 2 88
123 15 2 89
123 19 2 32
123 20 2 33
123 21 2 34
123 22 2 35
123 23 2 36
123 24 2 37
123 26 3 38
124 14 3 12
124 15 3 12
124 16 3 12
124 17 3 12
124 18 3 12
124 19 3 12
124 20 3 12
124 21 3 12
124 22 3 12
124 23 3 12
124 24 3 12
124 26 3 12
125 14 3 13
125 15 3 13
125 16 3 13
125 17 3 13
125 18 3 13
125 19 3 13
125 20 3 13
125 21 3 13
125 22 3 13
125 23 3 13
125 24 3 13
125 26 3 13
126 14 3 14
126 15 3 14
126 16 3 14
126 17 3 14
126 18 3 14
126 19 3 14
126 20 3 14
126 21 3 14
126 22 3 14
126 23 3 14
126 24 3 14
126 26 3 14
127 14 3 16
127 15 3 16
127 16 3 16
127 17 3 16
127 18 3 16
127 19 3 16
127 20 3 16
127 21 3 16
127 22 3 16
127 23 3 16
127 24 3 16
127 26 3 16
128 14 3 20
128 15 3 20
128 16 3 20
128 17 3 20
128 18 3 20
128 19 3 20
128 20 3 20
128 21 3 20
128 22 3 20
128 23 3 20
128 24 3 20
128 31 3 20
128 32 3 20
129 14 3 22
129 15 3 22
129 16 3 22
129 17 3 22
129 18 3 22
129 19 3 22
129 20 3 22
129 21 3 22
129 22 3 22
129 23 3 22
129 24 3 22
129 31 3 22
129 32 3 22
130 11 2 164
130 12 2 165
131 14 2 166
131 15 2 167
131 19 2 32
131 20 2 33
131 21 2 34
131 22 2 35
131 23 2 36
131 24 2 37
131 31 3 24
131 32 3 24
132 14 3 11
132 15 3 11
132 16 2 169
132 17 2 170
132 18 2 171
132 19 3 11
132 20 3 11
132 21 3 11
132 22 3 11
132 23 3 11
132 24 3 11
132 31 3 11
132 32 3 11
133 14 3 15
133 15 3 15
133 16 3 15
133 17 3 15
133 18 3 15
133 19 3 15
133 20 3 15
133 21 3 15
133 22 3 15
133 23 3 15
133 24 3 15
133 31 3 15
133 32 3 15
134 14 3 17
134 15 3 17
134 16 3 17
134 17 3 17
134 18 3 17
134 19 3 17
134 20 3 17
134 21 3 17
134 22 3 17
134 23 3 17
134 24 3 17
134 31 3 17
134 32 3 17
135 10 2 54
135 11 2 48
135 12 2 49
135 15 2 50
135 25 2 55
136 14 3 18
136 15 3 18
136 16 3 18
136 17 3 18
136 18 3 18
136 19 3 18
136 20 3 18
136 21 3 18
136 22 3 18
136 23 3 18
136 24 3 18
136 31 3 18
136 32 3 18
137 32 3 30
138 30 3 1
139 2 3 3
139 3 3 3
139 4 3 3
139 7 3 3
139 8 3 3
139 10 3 3
139 11 3 3
139 12 3 3
139 15 3 3
139 25 3 3
139 30 3 3
140 2 3 4
140 3 3 4
140 4 3 4
140 7 3 4
140 8 3 4
140 10 3 4
140 11 3 4
140 12 3 4
140 15 3 4
140 25 3 4
140 30 3 4
141 2 3 5
141 3 3 5
141 4 3 5
141 7 3 5
141 8 3 5
141 10 3 5
141 11 3 5
141 12 3 5
141 15 3 5
141 25 3 5
141 30 3 5
142 2 3 6
142 3 3 6
142 4 3 6
142 7 3 6
142 8 3 6
142 10 3 6
142 11 3 6
142 12 3 6
142 15 3 6
142 25 3 6
142 30 3 6
143 14 2 29
143 15 2 30
143 19 2 32
143 20 2 33
143 21 2 34
143 22 2 35
143 23 2 36
143 24 2 37
143 32 2 173
144 31 2 39
144 32 2 174
145 32 2 175
146 32 2 176
147 2 3 7
147 3 3 7
147 4 3 7
147 5 3 7
147 7 3 7
147 8 3 7
147 10 3 7
147 11 3 7
147 12 3 7
147 15 3 7
147 25 3 7
147 30 3 7
148 2 3 8
148 3 3 8
148 4 3 8
148 5 3 8
148 7 3 8
148 8 3 8
148 10 3 8
148 11 3 8
148 12 3 8
148 15 3 8
148 25 3 8
148 30 3 8
149 2 3 31
149 3 3 31
149 4 3 31
149 5 2 102
149 7 3 31
149 8 3 31
149 10 3 31
149 11 3 31
149 12 3 31
149 15 3 31
149 25 3 31
149 30 3 31
150 2 2 19
150 3 2 20
150 4 2 23
150 7 2 26
150 8 2 18
150 10 2 14
150 11 2 9
150 12 2 10
150 15 2 11
150 25 2 15
150 29 2 153
151 2 2 19
151 3 2 20
151 4 2 23
151 7 2 26
151 8 2 18
151 10 2 14
151 11 2 9
151 12 2 10
151 15 2 11
151 25 2 15
151 29 2 153
152 2 2 19
152 3 2 20
152 4 2 23
152 7 2 26
152 8 2 18
152 10 2 14
152 11 2 9
152 12 2 10
152 15 2 11
152 25 2 15
152 29 2 153
153 2 2 19
153 3 2 20
153 4 2 23
153 7 2 26
153 8 2 18
153 10 2 14
153 11 2 9
153 12 2 10
153 15 2 11
153 25 2 15
154 2 3 45
154 3 3 45
154 4 3 45
154 5 3 45
154 7 3 45
154 8 3 45
154 10 3 45
154 11 3 45
154 12 3 45
154 15 3 45
154 25 3 45
154 30 3 45
155 2 3 32
155 3 3 32
155 4 3 32
155 7 3 32
155 8 3 32
155 10 3 32
155 11 3 32
155 12 3 32
155 15 3 32
155 25 3 32
155 30 3 32
156 2 2 19
156 3 2 20
156 4 2 23
156 7 2 26
156 8 2 18
156 10 2 14
156 11 2 9
156 12 2 10
156 15 2 11
156 25 2 15
157 2 3 45
157 3 3 45
157 4 3 45
157 7 3 45
157 8 3 45
157 10 3 45
157 11 3 45
157 12 3 45
157 15 3 45
157 25 3 45
157 30 3 45
158 2 3 35
158 3 3 35
158 4 3 35
158 7 3 35
158 8 3 35
158 10 3 35
158 11 3 35
158 12 3 35
158 15 3 35
158 25 3 35
158 30 3 35
159 2 3 46
159 3 3 46
159 4 3 46
159 5 3 46
159 7 3 46
159 8 3 46
159 10 3 46
159 11 3 46
159 12 3 46
159 15 3 46
159 25 3 46
159 33 3 46
160 2 3 46
160 3 3 46
160 4 3 46
160 7 3 46
160 8 3 46
160 10 3 46
160 11 3 46
160 12 3 46
160 15 3 46
160 25 3 46
160 33 3 46
161 2 3 33
161 3 3 33
161 4 3 33
161 7 3 33
161 8 3 33
161 10 3 33
161 11 3 33
161 12 3 33
161 15 3 33
161 25 3 33
161 29 3 33
162 2 3 36
162 3 3 36
162 4 3 36
162 7 3 36
162 8 3 36
162 10 3 36
162 11 3 36
162 12 3 36
162 15 3 36
162 25 3 36
162 29 3 36
163 14 2 166
163 15 2 167
163 19 2 32
163 20 2 33
163 21 2 34
163 22 2 35
163 23 2 36
163 24 2 37
163 31 3 26
163 32 3 26
164 14 3 19
164 15 3 19
164 16 3 19
164 17 3 19
164 18 3 19
164 19 3 19
164 20 3 19
164 21 3 19
164 22 3 19
164 23 3 19
164 24 3 19
164 31 3 19
164 32 3 19
165 14 3 21
165 15 3 21
165 16 3 21
165 17 3 21
165 18 3 21
165 19 3 21
165 20 3 21
165 21 3 21
165 22 3 21
165 23 3 21
165 24 3 21
165 31 3 21
165 32 3 21
166 10 2 134
166 11 2 128
166 12 2 129
166 15 2 130
166 25 2 135
167 10 2 134
167 11 2 128
167 12 2 129
167 15 2 130
167 25 2 135
168 10 2 134
168 11 2 128
168 12 2 129
168 15 2 130
168 25 2 135
169 10 2 134
169 11 2 128
169 12 2 129
169 15 2 130
169 25 2 135
170 10 2 134
170 11 2 128
170 12 2 129
170 15 2 130
170 25 2 135
171 10 2 134
171 11 2 128
171 12 2 129
171 15 2 130
171 25 2 135
172 14 2 88
172 15 2 89
172 19 2 32
172 20 2 33
172 21 2 34
172 22 2 35
172 23 2 36
172 24 2 37
172 26 2 188
173 2 3 3
173 3 3 3
173 4 3 3
173 5 3 3
173 7 3 3
173 8 3 3
173 10 3 3
173 11 3 3
173 12 3 3
173 15 3 3
173 25 3 3
173 30 3 3
174 2 3 4
174 3 3 4
174 4 3 4
174 5 3 4
174 7 3 4
174 8 3 4
174 10 3 4
174 11 3 4
174 12 3 4
174 15 3 4
174 25 3 4
174 30 3 4
175 2 3 5
175 3 3 5
175 4 3 5
175 5 3 5
175 7 3 5
175 8 3 5
175 10 3 5
175 11 3 5
175 12 3 5
175 15 3 5
175 25 3 5
175 30 3 5
176 2 3 6
176 3 3 6
176 4 3 6
176 5 3 6
176 7 3 6
176 8 3 6
176 10 3 6
176 11 3 6
176 12 3 6
176 15 3 6
176 25 3 6
176 30 3 6
177 2 3 31
177 3 3 31
177 4 3 31
177 5 2 102
177 7 3 31
177 8 3 31
177 10 3 31
177 11 3 31
177 12 3 31
177 15 3 31
177 25 3 31
177 30 3 31
178 2 3 32
178 3 3 32
178 4 3 32
178 5 3 32
178 7 3 32
178 8 3 32
178 10 3 32
178 11 3 32
178 12 3 32
178 15 3 32
178 25 3 32
178 30 3 32
179 2 3 35
179 3 3 35
179 4 3 35
179 5 3 35
179 7 3 35
179 8 3 35
179 10 3 35
179 11 3 35
179 12 3 35
179 15 3 35
179 25 3 35
179 30 3 35
180 30 2 189
181 30 2 190
182 14 3 9
182 15 3 9
182 16 2 169
182 17 2 170
182 18 2 171
182 19 3 9
182 20 3 9
182 21 3 9
182 22 3 9
182 23 3 9
182 24 3 9
182 31 3 9
182 32 3 9
183 14 3 10
183 15 3 10
183 16 2 169
183 17 2 170
183 18 2 171
183 19 3 10
183 20 3 10
183 21 3 10
183 22 3 10
183 23 3 10
183 24 3 10
183 31 3 10
183 32 3 10
184 14 2 166
184 15 2 167
184 19 2 32
184 20 2 33
184 21 2 34
184 22 2 35
184 23 2 36
184 24 2 37
184 31 3 38
184 32 3 38
185 14 3 12
185 15 3 12
185 16 3 12
185 17 3 12
185 18 3 12
185 19 3 12
185 20 3 12
185 21 3 12
185 22 3 12
185 23 3 12
185 24 3 12
185 31 3 12
185 32 3 12
186 14 3 13
186 15 3 13
186 16 3 13
186 17 3 13
186 18 3 13
186 19 3 13
186 20 3 13
186 21 3 13
186 22 3 13
186 23 3 13
186 24 3 13
186 31 3 13
186 32 3 13
187 14 3 14
187 15 3 14
187 16 3 14
187 17 3 14
187 18 3 14
187 19 3 14
187 20 3 14
187 21 3 14
187 22 3 14
187 23 3 14
187 24 3 14
187 31 3 14
187 32 3 14
188 14 3 16
188 15 3 16
188 16 3 16
188 17 3 16
188 18 3 16
188 19 3 16
188 20 3 16
188 21 3 16
188 22 3 16
188 23 3 16
188 24 3 16
188 31 3 16
188 32 3 16
189 2 3 46
189 3 3 46
189 4 3 46
189 5 3 46
189 7 3 46
189 8 3 46
189 10 3 46
189 11 3 46
189 12 3 46
189 15 3 46
189 25 3 46
189 30 3 46
190 2 3 46
190 3 3 46
190 4 3 46
190 7 3 46
190 8 3 46
190 10 3 46
190 11 3 46
190 12 3 46
190 15 3 46
190 25 3 46
190 30 3 46
404
0 36 1
0 37 2
0 38 16
0 39 3
0 40 12
0 41 13
0 42 4
0 43 5
0 44 6
0 45 17
0 47 7
0 48 21
0 49 22
0 50 8
0 51 24
0 52 25
2 36 27
2 37 2
2 38 16
2 39 3
2 40 12
2 41 13
2 42 4
2 43 5
2 44 6
2 45 17
2 47 7
2 48 21
2 49 22
2 50 8
2 51 24
2 52 25
3 53 31
15 38 56
15 39 51
15 40 52
15 41 53
21 37 70
21 38 16
21 39 59
21 40 12
21 41 13
21 42 60
21 43 61
21 44 62
21 45 17
21 47 63
21 48 66
21 49 67
21 50 64
21 51 68
21 52 25
21 54 65
22 37 73
22 38 16
22 39 3
22 40 12
22 41 13
22 42 4
22 43 5
22 44 6
22 45 17
22 47 7
22 48 21
22 49 22
22 50 8
22 51 24
22 52 25
22 54 71
24 37 73
24 38 16
24 39 3
24 40 12
24 41 13
24 42 4
24 43 5
24 44 6
24 45 17
24 47 7
24 48 21
24 49 22
24 50 8
24 51 24
24 52 25
24 54 75
29 38 16
29 40 77
29 41 13
30 38 16
30 40 79
30 41 13
31 38 16
31 39 80
31 40 12
31 41 13
44 38 16
44 41 82
45 38 16
45 41 83
46 38 16
46 41 84
47 38 16
47 39 85
47 40 12
47 41 13
51 53 90
55 38 56
55 39 95
55 40 52
55 41 53
58 38 56
58 39 97
58 40 52
58 41 53
59 53 31
66 37 70
66 38 16
66 39 59
66 40 12
66 41 13
66 42 60
66 43 61
66 44 62
66 45 17
66 47 63
66 48 66
66 49 67
66 50 64
66 51 68
66 52 25
66 54 103
67 37 70
67 38 16
67 39 59
67 40 12
67 41 13
67 42 60
67 43 61
67 44 62
67 45 17
67 47 63
67 48 66
67 49 67
67 50 64
67 51 68
67 52 25
67 54 104
68 37 70
68 38 16
68 39 59
68 40 12
68 41 13
68 42 60
68 43 61
68 44 62
68 45 17
68 47 63
68 48 66
68 49 67
68 50 64
68 51 68
68 52 25
68 54 105
69 36 116
69 37 106
69 38 16
69 39 107
69 40 12
69 41 13
69 42 108
69 43 109
69 44 110
69 45 17
69 47 111
69 48 113
69 49 114
69 50 112
69 51 115
69 52 25
72 36 117
72 37 106
72 38 16
72 39 107
72 40 12
72 41 13
72 42 108
72 43 109
72 44 110
72 45 17
72 47 111
72 48 113
72 49 114
72 50 112
72 51 115
72 52 25
74 38 56
74 39 118
74 40 52
74 41 53
76 38 56
76 39 119
76 40 52
76 41 53
80 53 31
85 53 31
88 38 56
88 40 121
88 41 53
89 38 56
89 40 122
89 41 53
90 38 56
90 39 123
90 40 52
90 41 53
92 38 56
92 41 124
93 38 56
93 41 125
94 38 56
94 41 126
95 53 90
96 38 136
96 39 131
96 40 132
96 41 133
97 53 90
106 36 138
106 37 106
106 38 16
106 39 107
106 40 12
106 41 13
106 42 108
106 43 109
106 44 110
106 45 17
106 47 111
106 48 113
106 49 114
106 50 112
106 51 115
106 52 25
107 53 31
113 37 154
113 38 16
113 39 143
113 40 12
113 41 13
113 42 144
113 43 145
113 44 146
113 45 17
113 47 147
113 48 150
113 49 151
113 50 148
113 51 152
113 52 25
113 54 149
114 37 157
114 38 16
114 39 107
114 40 12
114 41 13
114 42 108
114 43 109
114 44 110
114 45 17
114 47 111
114 48 113
114 49 114
114 50 112
114 51 115
114 52 25
114 54 155
115 37 157
115 38 16
115 39 107
115 40 12
115 41 13
115 42 108
115 43 109
115 44 110
115 45 17
115 47 111
115 48 113
115 49 114
115 50 112
115 51 115
115 52 25
115 54 158
118 53 90
119 53 90
120 38 136
120 39 163
120 40 132
120 41 133
123 53 90
131 53 168
135 38 56
135 39 172
135 40 52
135 41 53
143 53 31
150 37 154
150 38 16
150 39 143
150 40 12
150 41 13
150 42 144
150 43 145
150 44 146
150 45 17
150 47 147
150 48 150
150 49 151
150 50 148
150 51 152
150 52 25
150 54 177
151 37 154
151 38 16
151 39 143
151 40 12
151 41 13
151 42 144
151 43 145
151 44 146
151 45 17
151 47 147
151 48 150
151 49 151
151 50 148
151 51 152
151 52 25
151 54 178
152 37 154
152 38 16
152 39 143
152 40 12
152 41 13
152 42 144
152 43 145
152 44 146
152 45 17
152 47 147
152 48 150
152 49 151
152 50 148
152 51 152
152 52 25
152 54 179
153 36 180
153 37 106
153 38 16
153 39 107
153 40 12
153 41 13
153 42 108
153 43 109
153 44 110
153 45 17
153 47 111
153 48 113
153 49 114
153 50 112
153 51 115
153 52 25
156 36 181
156 37 106
156 38 16
156 39 107
156 40 12
156 41 13
156 42 108
156 43 109
156 44 110
156 45 17
156 47 111
156 48 113
156 49 114
156 50 112
156 51 115
156 52 25
163 53 168
166 38 136
166 40 182
166 41 133
167 38 136
167 40 183
167 41 133
168 38 136
168 39 184
168 40 132
168 41 133
169 38 136
169 41 185
170 38 136
170 41 186
171 38 136
171 41 187
172 53 90
184 53 168
